testPeak2 <- c(-9.121848978249835, -17.852293243831518, -15.28169607203382, -17.536799274905015, -17.536083108263178, -17.98046302078021, -18.25105138661667, -18.302155683195956, -18.72418843012679, -19.972304060420978, -19.332239208301473, -19.077178713012707, -19.08739974382545, -19.576394128364242, -19.48771119393848, -18.895453460173957, -19.115405910083453, -18.467315906975703, -19.356630523587942, -18.76512053698845, -19.004373539779664, -19.39280546065466, -19.170837236585417, -19.371801468830462, -17.707130829330605, -17.985871795117383, -19.302452203350327, -19.371620380613347, -18.097447860038212, -19.152803921974613, -18.299119175174653, -18.08154780456961, -18.422282246122077, -18.55758919900474, -18.30633845467219, -20.441630196853232, -18.71374218463908, -18.958272237609673, -18.176754383164596, -19.678982806482182, -19.517948351450748, -18.608174761124328, -18.125708005342215, -18.923982937263766, -16.652344422250835, -18.650356436359136, -17.315899802081407, -17.095461132485724, -18.32125286108453, -17.711853005214007, -17.807074463777944, -17.06461244498971, -16.519985708896563, -16.12951566487551, -17.195166117531805, -17.084905784176286, -16.33024254957474, -16.503263335878035, -16.167756053385656, -15.974733073699419, -15.171842199457947, -15.510882798969376, -14.56368623352173, -15.60375355429187, -15.198165073339458, -15.507528267197102, -15.770416247546612, -15.475948147433481, -15.718997630318395, -16.90982863918985, -16.33661989010577, -14.25587079894795, -14.548757396348053, -16.276124339940868, -13.935862081368873, -16.819724075957772, -13.733744272117656, -13.130320727749211, -14.20012703289436, -13.185496342783228, -13.3914982456133, -14.194080169042572, -13.625989976576932, -12.959480249101947, -15.24128659826141, -13.665192893567916, -11.969133634448156, -11.100578661417853, -9.89668393037208, -8.857996772766196, -8.228803790378162, -8.226575950564243, -5.222786322643367, -2.7307300732075426, -2.6675846183037977, -2.034991075697134, 0.05426495407096828, 0.5439542538777697, 2.0621582125055746, 3.9623036015920623, 7.330592104052479, 9.280169992856909, 10.203369966486203, 10.798841019221141, 12.664301949427674, 16.11725394795557, 19.291321753272666, 24.122079894478293, 27.834908639253367, 30.741522639312155, 34.69314741421391, 37.377973511076696, 38.977387180859935, 41.51124340623233, 43.31407552206952, 42.236235270426704, 39.89417995808737, 37.77460647942277, 37.91317877380482, 40.9133557768904, 44.49074343531838, 41.24586475392896, 32.24342785397083, 21.710033868146272, 16.134316684007164, 13.521367457671612, 10.44647874197954, 9.952934940902143, 9.05812291082497, 6.702731406535465, 8.409206707961818, 9.29082398533211, 6.298644752504627, 6.604991425932951, 2.5255960995087174, 0.7196651381653348, -1.8537392957251018, -4.333764386903974, -5.345315472112087, -4.370187636612103, -8.206363448807194, -9.450587626994828, -10.880702675345105, -10.825041101943603, -9.546194179318686, -11.433208999625972, -10.3861569597883, -13.383593760293449, -13.29574478531183, -11.502096833638378, -14.550536188309056, -13.750024304422283, -14.923746068092798, -12.192858533450321, -10.745196574556056, -13.718956004854906, -12.387730400580134, -11.651310960744752, -14.350554179989315, -12.122098550176892, -12.070116028098507, -11.585500863908031, -11.475618707067774, -11.907600828099238, -12.821080828997058, -12.281248516595001, -12.893138401074793, -12.345695184305725, -12.682505918641375, -12.623536579170768, -12.178172706009661, -12.930520460601382, -12.85554679895965, -14.245570733483454, -13.892038849909017, -12.920404521387058, -13.05416404197931, -12.695630179314481, -13.828271779411256, -13.446443957607672, -11.630969717368247, -13.19630869261279, -11.177734745648618, -12.863930843416162, -13.77912078180531, -11.102068442792273, -13.134586672998802, -13.03295913789949, -11.544135552152015, -12.833326079846849, -14.222593125445773, -12.52134841535285, -12.502659196106492, -13.192705669053598, -12.32157508281042, -12.814717320344469, -11.904313616952525, -11.699192209842291, -14.174466175170743, -11.906147099806876, -13.082823212199065, -13.652122839644147, -14.670370291866325, -13.556806682246203, -12.146831015205025, -14.279148399175527, -12.743907342621508, -12.85629300319947, -14.05195104043022, -13.903540180551095, -12.98042972347609, -13.762032780644516, -11.960564240525517, -12.6297677445607, -12.615166245823524, -12.502886123402774, -12.720043716955244, -13.56816994920686, -14.773023147384814, -14.55632696342338, -12.754191064939661, -13.522354312601914, -14.360027152177517, -14.833163942816451, -13.545602963695432, -12.768339496372398, -13.152317616249212, -12.37394078655304, -15.085288780205302, -14.308245064887382, -13.501708883845875, -13.85380718221361, -13.619679049357691, -14.641462079178593, -15.226394825160494, -13.654668552368854, -13.549798785113774, -13.283230423223461, -11.842387504490917, -13.896188600981391, -13.508749301144334, -15.159604853984906, -12.213165752520403, -14.19807044321679, -14.675310413367928, -13.928072734954412, -15.059255685946274, -14.445068717207555, -14.405452445100645, -15.174554206437875, -15.648903840822262, -15.60831260406688, -15.733811185423013, -15.852030650563023, -14.030493996833417, -17.714940562135293)

plot(testPeak)
